#Begin table data:
0 note0 255 0 0 255
1 note1 254 0 1 255
2 note2 253 0 2 255
3 note3 252 0 3 255
4 note4 251 0 4 255
5 note5 250 0 5 255
6 note6 249 0 6 255
7 note7 248 0 7 255
8 note8 247 0 8 255
9 note9 246 0 9 255
10 note10 245 0 10 255
11 note11 244 0 11 255
12 note12 243 0 12 255
13 note13 242 0 13 255
14 note14 241 0 14 255
15 note15 240 0 15 255
16 note16 239 0 16 255
17 note17 238 0 17 255
18 note18 237 0 18 255
19 note19 236 0 19 255
20 note20 235 0 20 255
21 note21 234 0 21 255
22 note22 233 0 22 255
23 note23 232 0 23 255
24 note24 231 0 24 255
25 note25 230 0 25 255
26 note26 229 0 26 255
27 note27 228 0 27 255
28 note28 227 0 28 255
29 note29 226 0 29 255
30 note30 225 0 30 255
31 note31 224 0 31 255
32 note32 223 0 32 255
33 note33 222 0 33 255
34 note34 221 0 34 255
35 note35 220 0 35 255
36 note36 219 0 36 255
37 note37 218 0 37 255
38 note38 217 0 38 255
39 note39 216 0 39 255
40 note40 215 0 40 255
41 note41 214 0 41 255
42 note42 213 0 42 255
43 note43 212 0 43 255
44 note44 211 0 44 255
45 note45 210 0 45 255
46 note46 209 0 46 255
47 note47 208 0 47 255
48 note48 207 0 48 255
49 note49 206 0 49 255
50 note50 205 0 50 255
51 note51 204 0 51 255
52 note52 203 0 52 255
53 note53 202 0 53 255
54 note54 201 0 54 255
55 note55 200 0 55 255
56 note56 199 0 56 255
57 note57 198 0 57 255
58 note58 197 0 58 255
59 note59 196 0 59 255
60 note60 195 0 60 255
61 note61 194 0 61 255
62 note62 193 0 62 255
63 note63 192 0 63 255
64 note64 191 0 64 255
65 note65 190 0 65 255
66 note66 189 0 66 255
67 note67 188 0 67 255
68 note68 187 0 68 255
69 note69 186 0 69 255
70 note70 185 0 70 255
71 note71 184 0 71 255
72 note72 183 0 72 255
73 note73 182 0 73 255
74 note74 181 0 74 255
75 note75 180 0 75 255
76 note76 179 0 76 255
77 note77 178 0 77 255
78 note78 177 0 78 255
79 note79 176 0 79 255
80 note80 175 0 80 255
81 note81 174 0 81 255
82 note82 173 0 82 255
83 note83 172 0 83 255
84 note84 171 0 84 255
85 note85 170 0 85 255
86 note86 169 0 86 255
87 note87 168 0 87 255
88 note88 167 0 88 255
89 note89 166 0 89 255
90 note90 165 0 90 255
91 note91 164 0 91 255
92 note92 163 0 92 255
93 note93 162 0 93 255
94 note94 161 0 94 255
95 note95 160 0 95 255
96 note96 159 0 96 255
97 note97 158 0 97 255
98 note98 157 0 98 255
99 note99 156 0 99 255
100 note100 155 0 100 255
101 note101 154 0 101 255
102 note102 153 0 102 255
103 note103 152 0 103 255
104 note104 151 0 104 255
105 note105 150 0 105 255
106 note106 149 0 106 255
107 note107 148 0 107 255
108 note108 147 0 108 255
109 note109 146 0 109 255
110 note110 145 0 110 255
111 note111 144 0 111 255
112 note112 143 0 112 255
113 note113 142 0 113 255
114 note114 141 0 114 255
115 note115 140 0 115 255
116 note116 139 0 116 255
117 note117 138 0 117 255
118 note118 137 0 118 255
119 note119 136 0 119 255
120 note120 135 0 120 255
121 note121 134 0 121 255
122 note122 133 0 122 255
123 note123 132 0 123 255
124 note124 131 0 124 255
125 note125 130 0 125 255
126 note126 129 0 126 255
127 note127 128 0 127 255
128 note128 127 0 128 255
129 note129 126 0 129 255
130 note130 125 0 130 255
131 note131 124 0 131 255
132 note132 123 0 132 255
133 note133 122 0 133 255
134 note134 121 0 134 255
135 note135 120 0 135 255
136 note136 119 0 136 255
137 note137 118 0 137 255
138 note138 117 0 138 255
139 note139 116 0 139 255
140 note140 115 0 140 255
141 note141 114 0 141 255
142 note142 113 0 142 255
143 note143 112 0 143 255
144 note144 111 0 144 255
145 note145 110 0 145 255
146 note146 109 0 146 255
147 note147 108 0 147 255
148 note148 107 0 148 255
149 note149 106 0 149 255
150 note150 105 0 150 255
151 note151 104 0 151 255
152 note152 103 0 152 255
153 note153 102 0 153 255
154 note154 101 0 154 255
155 note155 100 0 155 255
156 note156 99 0 156 255
157 note157 98 0 157 255
158 note158 97 0 158 255
159 note159 96 0 159 255
160 note160 95 0 160 255
161 note161 94 0 161 255
162 note162 93 0 162 255
163 note163 92 0 163 255
164 note164 91 0 164 255
165 note165 90 0 165 255
166 note166 89 0 166 255
167 note167 88 0 167 255
168 note168 87 0 168 255
169 note169 86 0 169 255
170 note170 85 0 170 255
171 note171 84 0 171 255
172 note172 83 0 172 255
173 note173 82 0 173 255
174 note174 81 0 174 255
175 note175 80 0 175 255
176 note176 79 0 176 255
177 note177 78 0 177 255
178 note178 77 0 178 255
179 note179 76 0 179 255
180 note180 75 0 180 255
181 note181 74 0 181 255
182 note182 73 0 182 255
183 note183 72 0 183 255
184 note184 71 0 184 255
185 note185 70 0 185 255
186 note186 69 0 186 255
187 note187 68 0 187 255
188 note188 67 0 188 255
189 note189 66 0 189 255
190 note190 65 0 190 255
191 note191 64 0 191 255
192 note192 63 0 192 255
193 note193 62 0 193 255
194 note194 61 0 194 255
195 note195 60 0 195 255
196 note196 59 0 196 255
197 note197 58 0 197 255
198 note198 57 0 198 255
199 note199 56 0 199 255
200 note200 55 0 200 255
201 note201 54 0 201 255
202 note202 53 0 202 255
203 note203 52 0 203 255
204 note204 51 0 204 255
205 note205 50 0 205 255
206 note206 49 0 206 255
207 note207 48 0 207 255
208 note208 47 0 208 255
209 note209 46 0 209 255
210 note210 45 0 210 255
211 note211 44 0 211 255
212 note212 43 0 212 255
213 note213 42 0 213 255
214 note214 41 0 214 255
215 note215 40 0 215 255
216 note216 39 0 216 255
217 note217 38 0 217 255
218 note218 37 0 218 255
219 note219 36 0 219 255
220 note220 35 0 220 255
221 note221 34 0 221 255
222 note222 33 0 222 255
223 note223 32 0 223 255
224 note224 31 0 224 255
225 note225 30 0 225 255
226 note226 29 0 226 255
227 note227 28 0 227 255
228 note228 27 0 228 255
229 note229 26 0 229 255
230 note230 25 0 230 255
231 note231 24 0 231 255
232 note232 23 0 232 255
233 note233 22 0 233 255
234 note234 21 0 234 255
235 note235 20 0 235 255
236 note236 19 0 236 255
237 note237 18 0 237 255
238 note238 17 0 238 255
239 note239 16 0 239 255
240 note240 15 0 240 255
241 note241 14 0 241 255
242 note242 13 0 242 255
243 note243 12 0 243 255
244 note244 11 0 244 255
245 note245 10 0 245 255
246 note246 9 0 246 255
247 note247 8 0 247 255
248 note248 7 0 248 255
249 note249 6 0 249 255
250 note250 5 0 250 255
251 note251 4 0 251 255
252 note252 3 0 252 255
253 note253 2 0 253 255
254 note254 1 0 254 255
#EOF