#Begin table data:
0 background 0 0 0 0
0 note0 0 0 0 0
1 note1 0.0 0.0 143.4375 255
2 note2 0.0 0.0 143.4375 255
3 note3 0.0 0.0 143.4375 255
4 note4 0.0 0.0 159.375 255
5 note5 0.0 0.0 159.375 255
6 note6 0.0 0.0 159.375 255
7 note7 0.0 0.0 159.375 255
8 note8 0.0 0.0 175.3125 255
9 note9 0.0 0.0 175.3125 255
10 note10 0.0 0.0 175.3125 255
11 note11 0.0 0.0 175.3125 255
12 note12 0.0 0.0 191.25 255
13 note13 0.0 0.0 191.25 255
14 note14 0.0 0.0 191.25 255
15 note15 0.0 0.0 191.25 255
16 note16 0.0 0.0 207.1875 255
17 note17 0.0 0.0 207.1875 255
18 note18 0.0 0.0 207.1875 255
19 note19 0.0 0.0 207.1875 255
20 note20 0.0 0.0 223.125 255
21 note21 0.0 0.0 223.125 255
22 note22 0.0 0.0 223.125 255
23 note23 0.0 0.0 223.125 255
24 note24 0.0 0.0 239.0625 255
25 note25 0.0 0.0 239.0625 255
26 note26 0.0 0.0 239.0625 255
27 note27 0.0 0.0 239.0625 255
28 note28 0.0 0.0 255.0 255
29 note29 0.0 0.0 255.0 255
30 note30 0.0 0.0 255.0 255
31 note31 0.0 0.0 255.0 255
32 note32 0.0 15.9375 255.0 255
33 note33 0.0 15.9375 255.0 255
34 note34 0.0 15.9375 255.0 255
35 note35 0.0 15.9375 255.0 255
36 note36 0.0 31.875 255.0 255
37 note37 0.0 31.875 255.0 255
38 note38 0.0 31.875 255.0 255
39 note39 0.0 31.875 255.0 255
40 note40 0.0 47.8125 255.0 255
41 note41 0.0 47.8125 255.0 255
42 note42 0.0 47.8125 255.0 255
43 note43 0.0 47.8125 255.0 255
44 note44 0.0 63.75 255.0 255
45 note45 0.0 63.75 255.0 255
46 note46 0.0 63.75 255.0 255
47 note47 0.0 63.75 255.0 255
48 note48 0.0 79.6875 255.0 255
49 note49 0.0 79.6875 255.0 255
50 note50 0.0 79.6875 255.0 255
51 note51 0.0 79.6875 255.0 255
52 note52 0.0 95.625 255.0 255
53 note53 0.0 95.625 255.0 255
54 note54 0.0 95.625 255.0 255
55 note55 0.0 95.625 255.0 255
56 note56 0.0 111.5625 255.0 255
57 note57 0.0 111.5625 255.0 255
58 note58 0.0 111.5625 255.0 255
59 note59 0.0 111.5625 255.0 255
60 note60 0.0 127.5 255.0 255
61 note61 0.0 127.5 255.0 255
62 note62 0.0 127.5 255.0 255
63 note63 0.0 127.5 255.0 255
64 note64 0.0 143.4375 255.0 255
65 note65 0.0 143.4375 255.0 255
66 note66 0.0 143.4375 255.0 255
67 note67 0.0 143.4375 255.0 255
68 note68 0.0 159.375 255.0 255
69 note69 0.0 159.375 255.0 255
70 note70 0.0 159.375 255.0 255
71 note71 0.0 159.375 255.0 255
72 note72 0.0 175.3125 255.0 255
73 note73 0.0 175.3125 255.0 255
74 note74 0.0 175.3125 255.0 255
75 note75 0.0 175.3125 255.0 255
76 note76 0.0 191.25 255.0 255
77 note77 0.0 191.25 255.0 255
78 note78 0.0 191.25 255.0 255
79 note79 0.0 191.25 255.0 255
80 note80 0.0 207.1875 255.0 255
81 note81 0.0 207.1875 255.0 255
82 note82 0.0 207.1875 255.0 255
83 note83 0.0 207.1875 255.0 255
84 note84 0.0 223.125 255.0 255
85 note85 0.0 223.125 255.0 255
86 note86 0.0 223.125 255.0 255
87 note87 0.0 223.125 255.0 255
88 note88 0.0 239.0625 255.0 255
89 note89 0.0 239.0625 255.0 255
90 note90 0.0 239.0625 255.0 255
91 note91 0.0 239.0625 255.0 255
92 note92 0.0 255.0 255.0 255
93 note93 0.0 255.0 255.0 255
94 note94 0.0 255.0 255.0 255
95 note95 0.0 255.0 255.0 255
96 note96 15.9375 255.0 239.0625 255
97 note97 15.9375 255.0 239.0625 255
98 note98 15.9375 255.0 239.0625 255
99 note99 15.9375 255.0 239.0625 255
100 note100 31.875 255.0 223.125 255
101 note101 31.875 255.0 223.125 255
102 note102 31.875 255.0 223.125 255
103 note103 31.875 255.0 223.125 255
104 note104 47.8125 255.0 207.1875 255
105 note105 47.8125 255.0 207.1875 255
106 note106 47.8125 255.0 207.1875 255
107 note107 47.8125 255.0 207.1875 255
108 note108 63.75 255.0 191.25 255
109 note109 63.75 255.0 191.25 255
110 note110 63.75 255.0 191.25 255
111 note111 63.75 255.0 191.25 255
112 note112 79.6875 255.0 175.3125 255
113 note113 79.6875 255.0 175.3125 255
114 note114 79.6875 255.0 175.3125 255
115 note115 79.6875 255.0 175.3125 255
116 note116 95.625 255.0 159.375 255
117 note117 95.625 255.0 159.375 255
118 note118 95.625 255.0 159.375 255
119 note119 95.625 255.0 159.375 255
120 note120 111.5625 255.0 143.4375 255
121 note121 111.5625 255.0 143.4375 255
122 note122 111.5625 255.0 143.4375 255
123 note123 111.5625 255.0 143.4375 255
124 note124 127.5 255.0 127.5 255
125 note125 127.5 255.0 127.5 255
126 note126 127.5 255.0 127.5 255
127 note127 127.5 255.0 127.5 255
128 note128 143.4375 255.0 111.5625 255
129 note129 143.4375 255.0 111.5625 255
130 note130 143.4375 255.0 111.5625 255
131 note131 143.4375 255.0 111.5625 255
132 note132 159.375 255.0 95.625 255
133 note133 159.375 255.0 95.625 255
134 note134 159.375 255.0 95.625 255
135 note135 159.375 255.0 95.625 255
136 note136 175.3125 255.0 79.6875 255
137 note137 175.3125 255.0 79.6875 255
138 note138 175.3125 255.0 79.6875 255
139 note139 175.3125 255.0 79.6875 255
140 note140 191.25 255.0 63.75 255
141 note141 191.25 255.0 63.75 255
142 note142 191.25 255.0 63.75 255
143 note143 191.25 255.0 63.75 255
144 note144 207.1875 255.0 47.8125 255
145 note145 207.1875 255.0 47.8125 255
146 note146 207.1875 255.0 47.8125 255
147 note147 207.1875 255.0 47.8125 255
148 note148 223.125 255.0 31.875 255
149 note149 223.125 255.0 31.875 255
150 note150 223.125 255.0 31.875 255
151 note151 223.125 255.0 31.875 255
152 note152 239.0625 255.0 15.9375 255
153 note153 239.0625 255.0 15.9375 255
154 note154 239.0625 255.0 15.9375 255
155 note155 239.0625 255.0 15.9375 255
156 note156 255.0 255.0 0.0 255
157 note157 255.0 255.0 0.0 255
158 note158 255.0 255.0 0.0 255
159 note159 255.0 255.0 0.0 255
160 note160 255.0 239.0625 0.0 255
161 note161 255.0 239.0625 0.0 255
162 note162 255.0 239.0625 0.0 255
163 note163 255.0 239.0625 0.0 255
164 note164 255.0 223.125 0.0 255
165 note165 255.0 223.125 0.0 255
166 note166 255.0 223.125 0.0 255
167 note167 255.0 223.125 0.0 255
168 note168 255.0 207.1875 0.0 255
169 note169 255.0 207.1875 0.0 255
170 note170 255.0 207.1875 0.0 255
171 note171 255.0 207.1875 0.0 255
172 note172 255.0 191.25 0.0 255
173 note173 255.0 191.25 0.0 255
174 note174 255.0 191.25 0.0 255
175 note175 255.0 191.25 0.0 255
176 note176 255.0 175.3125 0.0 255
177 note177 255.0 175.3125 0.0 255
178 note178 255.0 175.3125 0.0 255
179 note179 255.0 175.3125 0.0 255
180 note180 255.0 159.375 0.0 255
181 note181 255.0 159.375 0.0 255
182 note182 255.0 159.375 0.0 255
183 note183 255.0 159.375 0.0 255
184 note184 255.0 143.4375 0.0 255
185 note185 255.0 143.4375 0.0 255
186 note186 255.0 143.4375 0.0 255
187 note187 255.0 143.4375 0.0 255
188 note188 255.0 127.5 0.0 255
189 note189 255.0 127.5 0.0 255
190 note190 255.0 127.5 0.0 255
191 note191 255.0 127.5 0.0 255
192 note192 255.0 111.5625 0.0 255
193 note193 255.0 111.5625 0.0 255
194 note194 255.0 111.5625 0.0 255
195 note195 255.0 111.5625 0.0 255
196 note196 255.0 95.625 0.0 255
197 note197 255.0 95.625 0.0 255
198 note198 255.0 95.625 0.0 255
199 note199 255.0 95.625 0.0 255
200 note200 255.0 79.6875 0.0 255
201 note201 255.0 79.6875 0.0 255
202 note202 255.0 79.6875 0.0 255
203 note203 255.0 79.6875 0.0 255
204 note204 255.0 63.75 0.0 255
205 note205 255.0 63.75 0.0 255
206 note206 255.0 63.75 0.0 255
207 note207 255.0 63.75 0.0 255
208 note208 255.0 47.8125 0.0 255
209 note209 255.0 47.8125 0.0 255
210 note210 255.0 47.8125 0.0 255
211 note211 255.0 47.8125 0.0 255
212 note212 255.0 31.875 0.0 255
213 note213 255.0 31.875 0.0 255
214 note214 255.0 31.875 0.0 255
215 note215 255.0 31.875 0.0 255
216 note216 255.0 15.9375 0.0 255
217 note217 255.0 15.9375 0.0 255
218 note218 255.0 15.9375 0.0 255
219 note219 255.0 15.9375 0.0 255
220 note220 255.0 0.0 0.0 255
221 note221 255.0 0.0 0.0 255
222 note222 255.0 0.0 0.0 255
223 note223 255.0 0.0 0.0 255
224 note224 239.0625 0.0 0.0 255
225 note225 239.0625 0.0 0.0 255
226 note226 239.0625 0.0 0.0 255
227 note227 239.0625 0.0 0.0 255
228 note228 223.125 0.0 0.0 255
229 note229 223.125 0.0 0.0 255
230 note230 223.125 0.0 0.0 255
231 note231 223.125 0.0 0.0 255
232 note232 207.1875 0.0 0.0 255
233 note233 207.1875 0.0 0.0 255
234 note234 207.1875 0.0 0.0 255
235 note235 207.1875 0.0 0.0 255
236 note236 191.25 0.0 0.0 255
237 note237 191.25 0.0 0.0 255
238 note238 191.25 0.0 0.0 255
239 note239 191.25 0.0 0.0 255
240 note240 175.3125 0.0 0.0 255
241 note241 175.3125 0.0 0.0 255
242 note242 175.3125 0.0 0.0 255
243 note243 175.3125 0.0 0.0 255
244 note244 159.375 0.0 0.0 255
245 note245 159.375 0.0 0.0 255
246 note246 159.375 0.0 0.0 255
247 note247 159.375 0.0 0.0 255
248 note248 143.4375 0.0 0.0 255
249 note249 143.4375 0.0 0.0 255
250 note250 143.4375 0.0 0.0 255
251 note251 143.4375 0.0 0.0 255
252 note252 127.5 0.0 0.0 255
253 note253 127.5 0.0 0.0 255
254 note254 127.5 0.0 0.0 255
255 note255 127.5 0.0 0.0 255
#EOF